image: ac33bf10-6e9c-11ee-be1d-173cd79733d8.pgm
resolution: 0.050000
origin: [-16.275612, -19.534807, 0.000000]
negate: 0
occupied_thresh: 0.65
free_thresh: 0.196

